[1175.541113478633]
[3734.918172517921]
[1249.1862634651252]
[1314.8824356019848]
[1031.9092425982808]
[2204.546982642186]
[1477.9751204183876]
[21237.044631220066]
[2397.379557212041]
[3141.949380351514]
[24035.99618904494]
[160732.54303642813]
[2095.3299540191438]
[6193.278049350718]
[5494.981009571913]
[5294.155708296126]
[2678.6508321304113]
[3536.3988437051567]
[9209.719430183874]
[1168.67974684122]
[4643.879099842053]
[2573.7665297148237]
[930.0325890627698]
[6291.351849172932]
[1755.4816393234744]
[13440.782375232258]
[9797.099563444746]
[4888.980233286065]
[4476.9821378888155]
[15055.068361520513]
[1355.4380320392443]
[6418.269099096195]
[2517.7694718620546]
[20868.885828543043]
[746.6319911397902]
[1472.4167922480615]
[2175.17597323352]
[1356.0774800807417]
[4786.893260731693]
[33358.21330936472]
[2760.887192371795]
[3057.65358470581]
[4104.364166717271]
[1093.1740190353978]
[1915.5924716174347]
[2881.5353491321603]
[2023.0332366988896]
[6263.279066778865]
[5984.797564960849]
[1887.880930856061]
[1779.8033954570785]
[12432.406367946014]
[1193.3007514128]
[3182.091903841475]
[2061.372836163917]
[1644.1777842450601]
[7844.882545466072]
[5261.725907970805]
[5535.156919315588]
[742.2914679772355]
[1018.2103178000868]
[5739.9355482766105]
[5829.607378088609]
[4114.664884507399]
[24098.593081213985]
[7363.573542052527]
[23523.69904496488]
[5072.240830557817]
[6852.8035396190435]
[1203.5454606967774]
[5240.63806527763]
[809.2022878820696]
[1985.1997332253534]
[1533.5704024714164]
[1135.673999131827]
[59482.28883362387]
[955.0836927990929]
[1014.5945245968361]
[1863.9272452887287]
[5535.676077735776]
[1728.408838782864]
[18837.492985167988]
[13130.40561570219]
[3820.8196271059423]
[1338.5269068658463]
[1153.8959938166383]
[3467.348385869916]
[3624.671659826933]
[22852.752170567703]
[4342.012765883457]
[2608.5814528641204]
[8964.014995569998]
[2581.3394012588215]
[1977.372868970975]
[1227.3862729663665]
[2419.5807655482067]
[813.4413900235861]
[7824.475688515959]
[5647.162126189501]
[20492.615497048948]
[14346.153522704495]
[7985.678513595633]
[8039.177229288947]
[1634.9983846458297]
[9585.300527497791]
[1368.1670157631995]
[3484.263116076502]
[4453.263481722952]
[123613.48053322255]
[1103.64379004153]
[45651.760220072916]
[4279.240984680019]
[3246.040195919441]
[1167.3696634919697]
[21552.86771141033]
[1007.2786275942847]
[3059.790177690732]
[2829.7009366544603]
[1851.3011845224391]
[6808.561322552147]
[4090.003725462167]
[14913.834385354741]
[963.0265640094725]
[3469.986334604035]
[1605.6202596175626]
[1256.8467861532906]
[5504.821014682691]
[30586.261090478394]
[9947.995465640306]
[7019.07406849861]
[3823.2088089862746]
[742.1789194788573]
[2450.65250993979]
[956.9507761038626]
[1035.9483593557163]
[3057.3133095636103]
[8847.859509052338]
[3687.4835956171123]
[1586.3576781506317]
[9585.114146019308]
[1247.1718292595929]
[719.048077452803]
[2435.2502592213277]
[5251.437258301519]
[13088.067876928033]
[4775.908547117625]
[5576.322486655254]
[11209.223662723469]
[10416.48411004655]
[4684.527753003989]
[4542.053946919515]
[5370.644519174155]
[5287.899058852005]
[1148.8067366293808]
[3030.819751404958]
[2944.902767351502]
[1917.382002859587]
[2395.2730565826423]
[1542.2626621234394]
[1385.8559868664483]
[3458.4814141403886]
[1230.9915949350489]
[19046.60739757645]
[7872.038197803699]
[4141.578754908202]
[18703.21981897011]
[2937.920084663837]
[2868.0116108293464]
[3181.6516973356484]
[10340.961784525383]
[2788.1927124311724]
[77547.52401445617]
[1752.5674935475574]
[910.1988502465787]
[3426.599473183326]
[7318.030503953416]
[824.2980842826711]
[4447.931708454587]
[2155.685112150463]
[4819.019060061651]
[3134.887955811558]
[10038.479489757989]
[1620.9344251496225]
[713.9789204832863]
[8006.5575624142375]
[17099.453234058907]
[1138.3207256992544]
[2763.8926288656094]
[1361.9209943962892]
[1937.3796220297115]
[1801.0040751417755]
[1233.3927631954555]
[26109.414888818446]
[1858.774496087369]
[6972.6468284449975]
[6119.293452360326]
[1601.1748713430027]
[870.737059456368]
[2740.162454720771]
[2255.6689215128536]
[1452.266751354594]
[2258.7668321522046]
[1326.3437167863017]
[1943.391615623403]
[2316.9817420935615]
[1621.9154523841921]
[2577.2589165769637]
[4081.8646366971957]
[11909.594033282152]
[6092.732224130617]
[2506.762410652682]
[2195.673977353744]
[738.2860024214242]
[4664.321276425504]
[5165.217229015567]
[11532.01810072413]
[9919.436035401384]
[2699.269175971218]
[1992.814689873939]
[6772.45780351103]
[763.3010689152513]
[2445.2982172769543]
[1181.9748889234413]
[5445.524967215585]
[1713.9080781196258]
[8723.639597014997]
[1553.9065766081997]
[1112.8642002523259]
[1737.8878016712806]
[4379.801338730937]
[1605.6018658758048]
[2221.5780065087324]
[1335.2419353804826]
[862.81482056858]
[2918.348727712326]
[1235.1980915943088]
[5843.966122184505]
[11030.017299242667]
[4008.51597042783]
[4302.662303463834]
[5762.753450164271]
[20988.14388448961]
[1003.2228881395795]
[7270.005760672297]
[3864.9713948560075]
[7190.925760294248]
[2689.7324789271343]
[1160.2683145703681]
[5509.8920944937545]
[2865.538463499785]
[3327.936810207029]
[28859.91675662168]
[6061.684229851612]
[5516.976852705435]
[7166.865898138911]
[1784.2767756969863]
[7875.173739451192]
[3274.256353519765]
[3920.473399826285]
[714.5371953894218]
[4587.65703580732]
[10933.452647797745]
[7590.064186516551]
[12479.976019735574]
[3656.693149157678]
[2925.3023780756726]
[4284.458996065403]
[6196.257473093456]
[9839.018939321384]
[566.5790596630643]
[1831.4306044319721]
[1380.3022255954022]
[2503.525946392024]
[1953.2461742449082]
[6303.334547623364]
[1981.6194677266935]
[3141.8481864876426]
[1619.486977307982]
[2446.634933335201]
[42390.35078698262]
[7641.672110970432]
[5569.526019255782]
[1191.6720139902802]
[7718.517701543273]
[4088.884107032664]
[4951.779246710774]
[7810.918164859985]
[5076.6132531266]
[11110.792250532899]
[8135.359865755332]
[787.1151917513267]
[6321.729654778834]
[68378.59789837083]
[2573.699707550462]
[2967.0140198791696]
[1534.7924065512107]
[1436.7334976972618]
[1459.4309028825248]
[2331.3293336026563]
[2275.4945446250877]
[6271.444747181602]
[1354.0321074981273]
[1431.1931002815013]
[2185.956824891229]
[9244.815318859211]
[12328.346678062073]
[1880.9357337205067]
[16860.47791410552]
[1176.0434335582233]
[2378.3166469204098]
[1333.1404620944622]
[1863.3537947871373]
[4142.780275049368]
[823.5783144636409]
[1870.941074073399]
[11981.000816455879]
[4649.222477206662]
[7898.535811751224]
[3693.197539388835]
[24001.29258808199]
[2155.6396261350264]
[4527.333455279078]
[2580.327980873414]
[40714.49426241653]
[16388.135955857524]
[2590.216353310793]
[944.0952730326554]
[2421.23977536664]
[12562.00767442438]
[1121.18261797805]
[8511.942560382871]
[1529.8417650625797]
[4312.449856897927]
[1639.8365064896707]
[12549.65230687974]
[13635.397456887717]
[15.99718948808122]
[2662.4413108113713]
[1352.8121949265028]
[1630.480494806601]
[4503.0489344003545]
[689.4207295036553]
[11581.523956206545]
[1535.491050680423]
[1274.7694279928064]
[4307.3381608234085]
[1673.6774129897835]
[1526.5851115846485]
[6892.773550098062]
[4776.686540240784]
[1507.0413548980569]
[6587.396539866171]
[2556.17466718981]
[2323.344606406868]
[9649.246369687877]
[26836.47174481015]
[1114.5499051030858]
[38775.14523214016]
[14395.44052361705]
[1924.0984523889874]
[1548.076635535251]
[2674.018096225448]
[7867.582471564964]
[9529.528976285805]
[2178.517410081853]
[1274.9364323964783]
[5805.2941499707595]
[880.5791496349166]
[8145.307145244766]
[9908.69770565568]
[825.0539805122409]
[5054.878480544394]
[4168.152355318285]
[18830.373376009662]
[572.7658993188703]
[6569.8140844665195]
[4692.648313116096]
[1395.972710114063]
[2071.064217934795]
[17497.10553508089]
[1670.8583709998757]
[629.759781933992]
[809.5198757025762]
[12553.972789782203]
[1750.504829119213]
[23400.52946666057]
[3870.595562068173]
[12727.081371256894]
[142886.0226525244]
[4563.162585569452]
[1478.5223136004793]
[2135.155331844055]
[18591.968461076623]
[6300.91851588066]
[7847.4963603384085]
[643.7500232676036]
[595.2913970860513]
[8749.362721962343]
[31183.23304603561]
[6049.04684577314]
[1557.1099519722006]
[2281.119907784787]
[173315.61998210946]
[2421.565532836453]
[4272.534143119259]
[9074.14473316148]
[5270.226041059624]
[1407.4985969665188]
[5941.66941880213]
[4914.818129033828]
[1615.0353738506742]
[2499.4014577350085]
[1851.034769548048]
[5939.322391344631]
[623.3483618646607]
[1744.8599985042088]
[1318.5700453543222]
[2936.115866573564]
[14416.244872868196]
[7183.293372330956]
[1001.1999166456994]
[3971.6798881414024]
[6006.642956949226]
[18848.403149979935]
[15461.567948049002]
[7084.782789517227]
[3748.594730077184]
[3577.4895657348347]
[19704.68556885046]
[8635.236444473734]
[3910.295445044802]
[3680.7041590999515]
[1705.9349635467627]
[9358.50284819398]
[4064.647603783133]
[941.3512366176038]
[12567.244653018435]
[1210.2661502405592]
[2507.13623701146]
[757.2143603483655]
[1559.7776221998547]
[4990.630318073289]
[2264.1108080862377]
[758.5415679526509]
[1643.2815806289914]
[1350.0284071809847]
[1096.623551445487]
[11671.082063400954]
[2521.1984914743653]
[1219.3478867739582]
[4676.574972861961]
[290918.376161335]
[36657.65886491832]
[9642.268835709017]
[2351.027547029573]
[8557.336694502981]
[4655.047136415083]
[7269.5809907188905]
[682.6160947719184]
[4030.533475239072]
[3655.4395288805194]
[2402.661840484037]
[5604.403056677996]
[2302.239942331238]
[46081.00363045628]
[7615.725610198596]
[6661.874286401666]
[14967.476995218065]
[2723.1285196159306]
[11340.151804336196]
[1133.0973718029127]
[1396.536419934007]
[1668.8464331759346]
[5210.316698260244]
[4317.691037971753]
[6041.090331326921]
[2234.1737803872475]
[5057.370956924627]
[3000.923266981712]
[3317.3712630773284]
[1492.9571701202944]
[1785.9694620291089]
[1737.8769793849688]
[2972.372808809376]
[1903.238590586265]
[4951.470175862215]
[4495.306089135778]
[6082.873212740045]
[8082.634286095915]
[1784.6801635180211]
[986.6846674509154]
[22232.260165362866]
[3809.270787058332]
[751.4525568053657]
[80719.8717970149]
[4726.896243376496]
[3984.8972632646405]
[1026.9454777184533]
[4002.9959748607125]
[1285.185928061881]
[3872.500895217354]
[658.720846434516]
[1172.8057322406291]
[5308.765174026614]
[1199.7927733193194]
[20159.1304689972]
[952.3170452065187]
[1383.3026444662346]
[616.0690865118526]
[3585.924782418743]
[1404.9107619624067]
[3467.2230758449814]
[14657.031818116697]
[1287.8255507448398]
[1670.1342211926897]
[5262.1574106034495]
[2475.9670409650153]
[1492.9571701202944]
[138473.78769304752]
[9066.679704691585]
[780.0315966796682]
[17822.045730863243]
[2184.6884954855013]
[1835.797875416302]
[2651.0648167063446]
[9795.371389015689]
[1098.339379763562]
[3844.4413052627665]
[2013.004719480258]
[4008.7412261635577]
[5652.947390765507]
[915.897806866384]
[2674.298005544836]
[14550.192546147246]
[11991.061470409946]
[11701.076628430656]
[838.5038305766209]
[23948.006237509333]
[993.3091589519329]
[930.5700926021682]
[5132.164922564463]
[9170.625351329805]
[13724.283201639122]
[2217.3782295232195]
[4044.980036881174]
[1636.5382576221484]
[2271.7706419761766]
[2204.3273221156032]
[3009.53958675567]
[7003.215114766684]
[1755.654655645435]
[2319.895698240421]
[6903.127150579618]
[2159.1192864296104]
[5631.208620019157]
[1548.7192006287366]
[7923.392797513328]
[10032.206898631077]
[1455.3871060011766]
[132055.8773083173]
[6625.762319778999]
[3533.9170337135274]
[8017.880238556399]
[16159.25196659853]
[1492.3264440731627]
[2182.424528503817]
[2081.445763388328]
[4585.761245107671]
[7593.85985878449]
[1061.4402221480275]
[4230.795780117924]
[749.636558484586]
[1858.9256886789765]
[4823.496010820444]
[4717.865187979596]
[7930.621617270111]
[73317.2802149224]
[1538.351713636075]
[7872.721782895884]
[30192.95619709362]
[3506.20873999595]
[6101.224825399166]
[1893.883066512365]
[4283.876294579594]
[4559.2987429453115]
[1656.7006767009716]
[6941.937811086029]
[1469.4533726903926]
[852.8569677431401]
[3110.906374921699]
[869.6628187467223]
[5643.010927417378]
[1155.6140227400945]
[2159.835915012871]
[598.8600086066951]
[4160.443979472723]
[2742.780875347299]
[1303.1063580543064]
[2315.258931596351]
[2719.6470963433667]
[4834.567483462962]
[880.2077393939861]
[5231.3894760011635]
[3542.137686112587]
[2044.5714692979209]
[1235.643132147466]
[18439.774912984987]
[2329.5002583176633]
[1258.7573740002022]
[4765.804669020072]
[754.8132628178653]
[3365.846637438031]
[955.8546260488902]
[1466.0447820985262]
[1894.6542571337345]
[1016.8468049369277]
[3181.725082740067]
[1126.63126715211]
[7139.7637667566305]
[4915.036738098124]
[5606.613379815498]
[19349.06923372159]
[185992.73462886957]
[756.7190475679424]
[4460.503977885493]
[933.4210606060012]
[38092.167509220824]
[12095.666597316884]
[1218.6895114199865]
[5261.828177238723]
[1107.20512879134]
[2752.1296416499436]
[22659.985945665157]
[2082.2743607679367]
[38379.8883724743]
[4156.15405767202]
[1423.7857743621194]
[2820.5766778423376]
[688.2590568875387]
[10414.427839233304]
[3850.8851460244096]
[3850.8851460244096]
[3850.8851460244096]
[3850.8851460244096]
[2426.0029784541994]
[6175.31451697272]
[4351.046988912771]
[24802.636421510633]
[935.7818653303058]
[3295.7219797516655]
[2504.1221139303652]
[834.6574598998548]
[2326.7925818412423]
[1138.4095107513099]
[1143.7658499789716]
[5179.021279059772]
[1862.6708866589872]
[3175.808043183394]
[978.0392636450866]
[1353.056582003761]
[2772.927901882571]
[2640.271461432409]
[7197.797883967266]
[1081.6947425144956]
[5165.286901174924]
[15461.319850190683]
[25742.13247046132]
[1735.200489298672]
[1033.3339848454161]
[1212.6923301301756]
[4619.599843260717]
[4239.7719057094755]
[1025.04755430884]
[2139.0699918283103]
[43114.71277321903]
[73545.11833728547]
[9856.372775862685]
[6383.362909223382]
[2792.9554020780024]
[856.3485529065741]
[1518.75034018997]
[4008.123302633367]
[2114.6748874332466]
[3425.5570852909746]
[14350.075792838]
[12114.77547832394]
[513.3043147672975]
[5350.09181044208]
[1971.5184727881262]
[3155.0760122326164]
[9234.81373718866]
[9006.411446781394]
[3079.1017857981597]
[1487.4231528658229]
[6238.331858244048]
[13050.678924448905]
[1840.2157495678068]
[9084.69524987533]
[4035.2556883999696]
[4056.628830644594]
[1060.426757806447]
[2785.212605315085]
[4048.5693227425704]
[8578.812526583695]
[3554.6883934116777]
[6092.985426654337]
[6789.317364805159]
[13367.52642929754]
[2049.425624077594]
[2817.532029655864]
[2914.948391056897]
[554.9164736402427]
[8510.525827808688]
[1133.0270049774938]
[2408.189544700702]
[1839.4485897434697]
[4375.8975602381415]
[4209.01491431895]
[8850.00045998766]
[2911.377383973026]
[917.2571620446159]
[7346.142065838139]
[1299.5259375890178]
[7844.712089322356]
[7339.791211076369]
[1763.5451708059366]
[1064.0181253318142]
[12858.238323169393]
[7107.53582756944]
[905.1712786727094]
[1615.1300768282763]
[3787.111857359726]
[3614.212663576711]
[3512.8929282600707]
[5420.699507734257]
[29447.460412005297]
[684.9777885613323]
[3623.818224519476]
[1124.284871492757]
[21185.818301308598]
[2381.771631632052]
[8438.415215071887]
[6131.311662013663]
[3203.5155262567023]
[957.9557302921323]
[4631.946143650491]
[4242.429786033814]
[1557.0162453864114]
[2719.0962958017562]
[4287.927795561781]
[1759.2349614439058]
[1752.1259405848105]
[796.7218977686193]
[1038.9614606557705]
[5718.888902000677]
[2972.5439645284832]
[6007.387449014503]
[26836.76256636086]
[574.2758441094005]
[651.19274634357]
[7377.282449627291]
[2480.6003753911546]
[1820.43960612122]
[2678.2094139896276]
[1332.7241448525615]
[564.8093696669468]
[4123.264207851327]
[8417.995725885077]
[730.492878337119]
[3298.8848922779193]
[1111.862686572491]
[7867.671220065483]
[1209.6112244247317]
[912.9480026704463]
[8192.357512642739]
[1093.2426415458522]
[4368.958595744456]
[1257.4806856293185]
[1506.3576751256237]
[6943.073965387537]
[1086.934392468014]
[2122.607271623777]
[856.2623901913081]
[1885.162530872639]
[1571.249350728064]
[11031.292115671555]
[1378.2282265198248]
[7314.87556901502]
[8061.879603626152]
[2082.2992223074116]
[1778.909568409987]
[3940.7473055262044]
[2725.928156247649]
[1940.4982506346887]
[3043.0729687816265]
[1392.1583252228647]
[766.9094214788022]
[1578.2781850780339]
[2587.9586341152785]
[1373.709469123157]
[1886.3361085141696]
[8295.032759589465]
[834.8409466375969]
[2430.403456486343]
[23036.65276432726]
[2078.829781609584]
[1356.7953197347242]
[3048.1985979509045]
[1044.2785440871496]
[1045.845540366354]
[5244.144687745209]
[13964.03246185084]
[1791.9999606034557]
[1954.8398605900138]
[1568.2645378176571]
[2075.7452545264678]
[4621.233523394653]
[1558.7786928673713]
[1119.3837490771639]
[2604.0392745509107]
[3090.392036093243]
[6066.97126748076]
[18821.222911264183]
[6717.393097523907]
[4015.340401524449]
[5296.758165675597]
[847.5181876810216]
[1240.8449204715043]
[1092.2270189363298]
[894.5764500010725]
[4896.139227835649]
[90206.49441250914]
[1509.7249670406277]
[9507.681062946165]
[5247.143428632408]
[1773.3176141648055]
[5924.982717550238]
[5209.952127508973]
[7279.299402278923]
[708.6138190468731]
[1345.2317455202049]
[2298.874630382117]
[778.2973621144985]
[1272.096941678993]
[1496.2598718113427]
[1642.5314698766902]
[5524.421723689004]
[1264.1780760141794]
[2658.6986156903035]
[1313.9788982712862]
[8403.832896380603]
[3396.220777440358]
[5782.026908519956]
[1564.4693654613825]
[4628.068520099022]
[3623.1764448327544]
[2285.7791221587054]
[4280.833445453573]
[6835.323054328061]
[7936.304880216277]
[1330.2359229507463]
[729.1842782634008]
[2122.93136050477]
[3480.395576884022]
[7220.540078360846]
[2086.179655066752]
[1996.3231734184685]
[3384.6580697210125]
[1562.5919874447002]
[11591.653102672139]
[1198.2164986405178]
[2056.2721639641222]
[2035.502852977234]
[4481.003903458459]
[1547.5587429982252]
[1617.0529265675063]
[1251.559658660585]
[1209.6144041565576]
[3415.9748624687395]
[6369.7813934022015]
[2007.179863619158]
[5851.6332239431595]
[3747.7304296449715]
[3588.855864045619]
[4964.399453394559]
[2047.8063107945832]
[4585.224249555409]
[1034.3948525646608]
[12073.982490066806]
[18790.878544540665]
[28687.160226281325]
[2187.096495056358]
[1160.8285600126812]
[8740.14357554987]
[38352.01690507628]
[571.9162747793198]
[824.0611302208051]
[1108.9573180279417]
[6211.626903434363]
[1548.5289633168877]
[2660.617538460736]
[2642.906356488415]
[1587.265048112058]
[16986.470219643707]
[12258.393545153147]
[751.5186035682627]
[1854.1600164967465]
[1190.7716023173675]
[2248.116142775431]
[33697.36784500209]
[2188.684489770959]
[1342.3182481539973]
[11888.764380893543]
[1311.8821140224456]
[2841.1622451602516]
[5724.371596423737]
[1993.4134971827325]
[827.8115335049491]
[1422.9604856915912]
[1193.4022019786396]
[6519.073641830478]
[5999.047737888114]
[2168.578326037851]
[1010.1584124132926]
[16758.408207618257]
[518.2788766467406]
[1101.0790376531086]
[1585.2226167491663]
[1780.9563658660982]
[3543.1228970360667]
[3056.9935913986615]
[3519.702023667781]
[44467.80403640661]
[3210.5696812088017]
[2687.78593184814]
[3768.1688140460096]
[7920.3408347938985]
[485.5554962071942]
[5303.846308249087]
[4592.496405533213]
[1720.531332208076]
[2660.617538460736]
[963.5669059464783]
[1499.409596838404]
[1443.5057293276438]
[2791.1916438326743]
[1469.5559511146203]
[11300.481339947344]
[18787.07827434952]
[8313.607802209937]
[988.4435456389157]
[6732.519895786959]
[4137.619452074977]
[10951.984323703968]
[31332.460528671338]
[1201.409875326226]
[3179.320309635683]
[3419.3714193216165]
[3378.1424761791955]
[5948.269892473731]
[1690.6054978312457]
[1648.8012101544311]
[9270.13435264605]
[5831.28619176461]
[2424.193122483961]
[7435.760015674991]
[1578.527263643798]
[8683.823199266611]
