[2100.7284337150923]
[4574.078228996463]
[1357.6577501783436]
[1237.1728438342193]
[8691.227450608707]
[2695.963962400774]
[1908.3342696135019]
[16035.866797485554]
[2734.812623014054]
[2815.5209035653043]
[25342.585483986033]
[184926.33544730567]
[2365.7575956925048]
[8792.667589686513]
[7759.291261061795]
[5436.410566463141]
[2302.531779580345]
[3417.1179209838383]
[10589.08628944042]
[745.9299763848079]
[6860.597228551448]
[2869.6626805470814]
[1240.1132614103408]
[8106.2790197207005]
[1860.2341110501861]
[12350.264046616472]
[12025.896000161352]
[4976.170731818007]
[4100.843112428257]
[17782.491466158594]
[1592.64285656382]
[5369.328595862557]
[2484.228578338829]
[21694.140425470858]
[1078.2845266517154]
[1970.4875143670326]
[2447.709231423486]
[446.99084202693996]
[5194.872808446844]
[28086.69917325592]
[3252.376072987567]
[2587.587085348447]
[4574.623788722095]
[1592.862443712805]
[1542.646794613197]
[3072.859301430246]
[2638.2927263870024]
[6987.0030343139515]
[7397.432159605712]
[2596.976761454539]
[1842.1510029781662]
[11569.105608487536]
[1529.751181195143]
[3819.942599929374]
[2197.7125939164703]
[2114.3283125231355]
[7291.32657145199]
[7395.992898878606]
[6589.371696541248]
[1080.9811386476727]
[1690.9091898774368]
[6638.241361756616]
[5538.646718877159]
[4993.482614631495]
[25138.841918211223]
[8750.051522541084]
[18412.804896903195]
[4768.881602434908]
[7361.794985820839]
[1679.5002678132573]
[5552.183257856099]
[1204.2111549119145]
[2173.8689645051536]
[2028.643623925171]
[1840.7073170246317]
[62969.30716175942]
[1506.5621026504127]
[1541.0935958063203]
[2392.5072906113337]
[5092.702891366367]
[2199.2906902361215]
[18629.19832290863]
[14544.366733797657]
[3844.415174680729]
[1857.7124839622525]
[1237.7614770901237]
[3491.590313450111]
[4061.832265154082]
[19776.069918422134]
[4260.668003157401]
[2661.938531895831]
[9823.041434005445]
[2579.1859285287537]
[2141.1314045518507]
[289.28467014137766]
[2638.385197072904]
[1217.2342075376075]
[9276.25414244943]
[7236.41045890175]
[23374.000442217766]
[16197.267744554632]
[8913.33782375573]
[9597.104156567588]
[1998.0411515798658]
[9539.762498987726]
[1716.6920182374809]
[2859.140101811887]
[5711.80773186747]
[130546.73943048167]
[12265.284876242016]
[3997.7023230614936]
[4264.0722946725255]
[3099.5486564784505]
[1581.4899933608776]
[21394.666320861346]
[1211.1267040004727]
[3851.575498265899]
[2691.115814151252]
[2144.2338591702487]
[8860.948566184392]
[3848.2434190776626]
[12908.70771036463]
[1502.728575759419]
[4079.7824018261467]
[1854.281881740092]
[1909.0775809749236]
[5267.788236087875]
[27426.15107612386]
[10176.955875401094]
[6325.738438508553]
[4605.413931904349]
[1129.4937556480174]
[2528.955930318144]
[1496.434587323754]
[1616.6145242645925]
[3803.275034138771]
[9051.484015456355]
[4136.493831000467]
[2604.9432563714718]
[9606.612460292223]
[1496.8208605740988]
[1457.549401532268]
[2981.246881904859]
[4759.630556643845]
[13121.232894103716]
[5490.994312607237]
[5353.3263331324]
[10161.852315788756]
[9495.050331820776]
[5171.566576499505]
[4847.276995643814]
[5524.729004484101]
[5391.992842971855]
[1570.4267229369568]
[2941.224845002021]
[3173.5693269045014]
[2350.6663928072903]
[2687.3516108998338]
[1869.2294726266584]
[1792.4302156101594]
[3778.5088993143245]
[2026.0195064243517]
[17916.006634562946]
[7843.302040240363]
[4465.951940528709]
[19721.589713668123]
[2735.7932980743794]
[2720.473863639689]
[2928.298260221482]
[9300.11145252706]
[2948.316825933986]
[67283.95365225608]
[2215.1639029664257]
[1294.2122703679238]
[3313.4220789077594]
[8599.162284120723]
[1342.7870535822096]
[4757.820882854581]
[1542.053990397881]
[6150.669658209272]
[3465.801773206395]
[8728.126526136466]
[1709.2815933776549]
[1225.160772873462]
[9006.509578741707]
[13995.443304652103]
[1909.6666605844061]
[3106.078548630266]
[1738.6984842642878]
[2410.4852731945716]
[2043.4855353143512]
[1489.307914316728]
[23515.34931279719]
[2188.7995854148357]
[8339.310812127875]
[7461.032406354454]
[2015.0366411739128]
[1320.209394238543]
[2924.4899021163733]
[2297.8677637887768]
[2013.6170376865884]
[2446.2414726148354]
[1388.1758937486825]
[1990.4046829111962]
[2785.5713283971963]
[1970.6924542523989]
[2752.2792743139357]
[4293.422358139126]
[12066.15197379572]
[5404.858700098484]
[2501.84826460789]
[2751.9321293194025]
[1195.5423419379015]
[4155.536098386776]
[4764.4088125717]
[11367.004139182254]
[10783.974926138719]
[3198.062403281884]
[2264.0041896676157]
[6394.144386636075]
[1190.8593446349805]
[2501.400169295944]
[1737.2341840741005]
[5234.420897090967]
[1837.3253813612273]
[9226.224512319906]
[1944.0910209884119]
[1403.1342868040406]
[1817.816921234596]
[4634.700033115005]
[1987.7695334076473]
[2382.8730793353325]
[2193.271102961972]
[1151.6607874950603]
[3566.1927132325086]
[1593.2983227663822]
[6652.822054423733]
[10415.08401129791]
[4922.846872154377]
[5233.3087787659015]
[5971.250780370165]
[23535.437225728456]
[1562.1797689546827]
[8657.41453434228]
[4094.044154450234]
[8435.890868655151]
[3276.5744408511964]
[1513.5319428801936]
[5186.78219254517]
[2376.765243764887]
[3001.174411167938]
[29660.640407511593]
[6075.10976246194]
[5140.8662150519995]
[7537.522067287555]
[1753.631307447529]
[8372.866687785528]
[4112.917826306864]
[3917.1931174419833]
[1234.2667200006465]
[4927.469247149768]
[11413.028844801389]
[8241.120753768548]
[11613.945747034599]
[3679.890079673095]
[4014.6403338957725]
[11382.711527513611]
[6281.91323075002]
[9200.442929495219]
[1093.510358341759]
[2265.612396712353]
[1673.5763941013379]
[2711.909909895361]
[1650.3190593212562]
[8205.05342682106]
[2341.0067434076536]
[3165.7965074473996]
[1819.0600626488322]
[2616.852126834996]
[45704.02581592354]
[8312.95667626715]
[5002.652307762985]
[1441.4961022642015]
[7989.0809297926]
[7677.363969043568]
[4509.611037753517]
[9467.546206295452]
[5833.546835839726]
[11047.709069966666]
[8509.67352898486]
[1323.097842835362]
[6474.62553941058]
[103237.40031940496]
[2800.103339685208]
[3345.7166276466855]
[1742.4975868848508]
[1915.1259490096386]
[1575.5655384045258]
[3031.2074606535466]
[2706.6733608789727]
[7500.97366546503]
[1657.683208254132]
[1893.001170818582]
[2941.610783676245]
[9773.063412474392]
[14249.165460994927]
[2221.0866301977608]
[16025.742856085975]
[1020.283272147135]
[5147.23445716857]
[1931.4716093827294]
[2438.0799546870344]
[4486.696293955793]
[1156.9185956740066]
[2099.334544426714]
[14247.187508404048]
[4443.76534113405]
[7882.565888404235]
[3577.7909992554514]
[19935.929523816565]
[2099.6292124944844]
[3934.45525226785]
[2522.34268409476]
[67145.38657795647]
[14680.673378897598]
[3251.9911609625547]
[1397.980454000382]
[2878.7165056984713]
[11576.888458626327]
[1917.640919801473]
[8565.393824943576]
[1908.9007819683184]
[4535.052748038162]
[2165.144050886218]
[10782.980872886154]
[13641.826396531445]
[1421.1715166743506]
[2778.7863334987233]
[1800.7016486541406]
[2067.908358874227]
[4892.194276834135]
[1161.96488184243]
[9654.142316655238]
[2027.9588854752026]
[1683.1111644136402]
[3868.5780260460524]
[1969.8902745752519]
[1916.11438753685]
[7055.823696987705]
[5375.469826803456]
[1937.1472189686417]
[7988.191885746564]
[2539.403174138297]
[2341.6669347192446]
[9886.727824563273]
[25096.85948681334]
[1635.5674169045672]
[39901.08822738935]
[17074.93542523816]
[2090.95464205272]
[1898.7403290919985]
[2827.6500869774054]
[9944.789842526548]
[9727.388349584275]
[1941.9287549866033]
[2047.975066862207]
[6624.412272231866]
[1247.90026908153]
[9412.548134477489]
[9260.04860172767]
[1467.4937179529365]
[7401.578200277532]
[5163.470347100355]
[16786.003715367602]
[1299.613607152313]
[9656.276169683675]
[3819.1538154157847]
[1790.4507563019868]
[2605.3840682592813]
[14575.090553490107]
[2079.070693033197]
[937.6884046971264]
[1195.6987414729613]
[10940.046406110121]
[1954.052378448285]
[21084.818293220167]
[4928.054363920495]
[13046.797420832556]
[142963.4738429337]
[5600.819829124078]
[2041.8293197541127]
[2599.689079752282]
[19224.71669357889]
[6345.757777606764]
[10296.157622255163]
[1122.8009831038507]
[366.5314595650504]
[9379.659996958368]
[31555.17243011945]
[5704.7127665237695]
[2018.5882968245446]
[3075.7501551119813]
[163901.05061701793]
[2521.018099569904]
[5312.9261716679575]
[11112.11788002287]
[5255.089344873403]
[1936.1584674685623]
[6007.993835653229]
[5486.154517599108]
[3952.426530191123]
[2632.504252669388]
[2293.328555634319]
[5713.133683952503]
[1183.4393242617678]
[2472.8680035250804]
[1305.701065121918]
[2882.1106762445816]
[15311.888342289882]
[8619.047360694301]
[1367.9409171568748]
[4532.138088647013]
[6711.70185866295]
[17664.1243521199]
[18152.38253545747]
[7400.495959002517]
[3939.7538776424985]
[3620.069216148232]
[18643.24721828639]
[9127.8587168164]
[4429.118449350606]
[4408.340790667719]
[1863.8586299249466]
[9408.88479370018]
[4108.319799429327]
[1495.2729776943038]
[11654.810910799657]
[1774.5279801513966]
[2813.4540369466704]
[1093.5393928191675]
[1852.8669990351373]
[5550.095069549313]
[2712.2822202776483]
[1043.8418202713785]
[2376.1470613533097]
[1621.891997593843]
[1840.480098121294]
[9234.18792091593]
[2584.56364065806]
[1689.1062604132962]
[5250.514275376837]
[265377.6903174251]
[35735.79939226613]
[10220.341540363237]
[2850.3905494922983]
[8774.872836069757]
[6333.652260145898]
[7493.9362979714015]
[909.8435172980259]
[3449.393003815191]
[3754.3879535643373]
[2718.740995835333]
[5060.806299687052]
[2667.191605007617]
[40210.32638668873]
[8805.102839618134]
[7642.832876126565]
[15846.580911195606]
[2858.3657148184116]
[11146.515447679354]
[1244.656946825741]
[1768.011898302966]
[2213.866065518385]
[5978.897666378788]
[4655.929261583472]
[6918.101534403931]
[2833.739086419979]
[5818.968691214572]
[3333.521728139066]
[4936.788403056282]
[4190.377202117309]
[2042.7156733834695]
[2148.2855222478065]
[3652.1291169569486]
[2045.7399480882002]
[6666.2503091814615]
[4469.473395189663]
[6339.123686931739]
[8916.917690163804]
[2111.668079432462]
[1221.2646066581385]
[21235.971848493133]
[3916.39821790044]
[1471.651107634666]
[66609.04551148969]
[5585.546634180366]
[4070.4052009194406]
[1360.0800707299095]
[3993.264843130215]
[1428.0761002903123]
[4025.0384246238687]
[830.0267634652532]
[1729.8870170926343]
[5194.058190276259]
[1787.5384342947182]
[23441.556732951867]
[1435.4026534368668]
[1775.1573929052229]
[1248.8890177849564]
[4419.258771949972]
[1905.0141372799687]
[3597.1784740422036]
[14906.040047705133]
[1656.6265173812394]
[2592.621634601307]
[6385.880625868755]
[2704.0012799580572]
[4190.377202117309]
[129957.45457282994]
[9560.580120251087]
[1276.7170845555704]
[11915.737509876637]
[2450.1060864332712]
[2708.578180995579]
[3037.414065147298]
[8588.004633428569]
[1586.0803699272133]
[3633.484193928988]
[2214.4890201378066]
[4516.341008973291]
[5955.553642664147]
[1381.4139400267788]
[2949.5992007320883]
[11022.451408995576]
[10703.486204235209]
[12289.789859579856]
[1309.4256812003196]
[27386.672730796337]
[1539.9800609274437]
[1718.9221009658095]
[5396.566456299823]
[10768.325810653412]
[10965.665425909385]
[3217.7272106965256]
[4279.861956457055]
[2061.4972732533633]
[2118.8091188586036]
[2388.7444032380417]
[3239.6821564281327]
[8785.290740850614]
[1831.4709058769358]
[2633.9969720828576]
[7383.581012260114]
[2191.2871220883176]
[6274.768511053708]
[2145.531576178683]
[9301.006111386227]
[9066.98957596404]
[1843.6531575823258]
[146821.9929383631]
[6781.568286805114]
[3676.989295510926]
[8400.996738315956]
[15394.064584679616]
[1910.1422111628194]
[2343.74663144258]
[2648.672979828173]
[5296.389191653439]
[9311.69604954543]
[1658.5759684343652]
[4494.355326620806]
[1314.3936527032158]
[2312.1713053867384]
[4458.684707314028]
[6045.586170837896]
[7850.114283459987]
[85278.10856589708]
[2050.9093352546097]
[7655.817087262132]
[30309.52757814348]
[4008.8729886327087]
[6578.571105410886]
[2100.302889315455]
[5011.044613926285]
[4770.8896856516385]
[1524.9242172489598]
[7902.487088395548]
[2132.138717578879]
[1144.7218967522188]
[2781.4054569141845]
[1153.178366218854]
[5721.939858102548]
[1805.6262102708117]
[2631.392987819741]
[1383.0175677344546]
[4906.092558104104]
[3092.2837440008684]
[1870.206428154114]
[2836.5345077606235]
[3551.680587586634]
[5148.489488198731]
[1239.1178566159392]
[7153.159204456659]
[3439.1315287664247]
[2434.5257651887778]
[1335.853982027535]
[2671.4637486870965]
[10190.488735991343]
[1839.1898837284366]
[5302.170136619204]
[1165.0596016701359]
[4576.7802285256885]
[1251.3150873261118]
[1721.6282514578436]
[2001.6643347391123]
[2107.651844766128]
[3785.2578128282967]
[1601.0249206002154]
[8357.00481756256]
[6261.973163932226]
[4610.246620889037]
[26085.578180467204]
[228505.45216690336]
[1173.5421872337354]
[4894.727508754936]
[1263.2879507151968]
[38938.87988732819]
[14146.29190685203]
[1409.6557632937897]
[5913.444779556712]
[1241.4172844763875]
[3034.9961198284464]
[21902.786984958446]
[2648.3909726832044]
[81651.34737082676]
[3659.3243768818274]
[1951.2924288694376]
[2503.478182319964]
[1592.8645339422392]
[10406.504971161772]
[4643.163908984917]
[4643.163908984917]
[4643.163908984917]
[4643.163908984917]
[2566.2221339411585]
[7432.901502351793]
[4497.426474455713]
[19411.475596064505]
[1190.097045519767]
[2880.7709356199443]
[2491.413098522553]
[1077.4464080820358]
[2620.9437842760863]
[1533.5185496216948]
[1437.005255770505]
[5083.9565425258525]
[2177.2988124596413]
[3394.2074848884895]
[1307.0232667507037]
[1920.5695422694519]
[3186.094017000314]
[3208.137235171219]
[8209.038975680696]
[1401.5605258428354]
[7070.380084833903]
[18235.413635778765]
[21281.00137889311]
[1836.3467336684957]
[1499.727521969609]
[1639.148527092266]
[4670.033584596362]
[4139.353843299428]
[1513.4200050046973]
[2507.5535646163908]
[43024.29714925964]
[82447.0720816061]
[11807.233249847493]
[5688.112193409109]
[3969.2919679913125]
[1159.9950191136995]
[1934.7533563271002]
[4338.469510440414]
[2234.215804031924]
[3684.681089000015]
[11594.971644702668]
[9693.803856249737]
[598.253105537476]
[6180.058664702617]
[1991.7218529661518]
[3237.425941665407]
[9361.217802638956]
[8432.192109011356]
[4140.1987226233205]
[2415.595088722321]
[7594.532500530034]
[10639.87533789656]
[1941.4382369728685]
[8415.360423570022]
[4075.030702569752]
[4097.974083967885]
[1163.3704283842198]
[2949.8726744913247]
[4599.621427999943]
[9438.183348833527]
[3990.451922191612]
[7077.500842747635]
[6364.1042693884565]
[12356.15754183889]
[2803.150360292822]
[3725.991088944684]
[3166.331035744289]
[1122.770208190958]
[9433.44288816909]
[1765.1644887732496]
[2941.31395402959]
[2275.1024675300237]
[4538.3052432095865]
[4097.14327622992]
[9396.295771330851]
[2555.22281058193]
[1431.5164335182617]
[7804.865321672228]
[1486.2071148556556]
[8298.523171694904]
[9449.72070282838]
[1915.325609657414]
[1695.0171544711816]
[12773.106827291027]
[7666.451270229281]
[1060.3976117014895]
[2088.559664792551]
[4313.800479179939]
[3821.9902693896183]
[3298.8955569763593]
[6321.428191404064]
[31160.51093719043]
[921.6806927593134]
[3911.2606606790073]
[1557.5956864149152]
[16865.78388814321]
[2415.6654793066214]
[8588.120491532864]
[7321.922377142514]
[3640.834150102121]
[1042.7473817792352]
[4001.8961891722997]
[3893.1011581068997]
[1854.494678460887]
[3171.7384165511708]
[4803.706360862169]
[2302.803692508993]
[2082.2695382268216]
[1473.6613900606562]
[1458.4011851310556]
[5629.16195004558]
[2851.2950077391033]
[6390.828542797326]
[11370.102059660874]
[863.1431247618059]
[1202.3838414711977]
[7806.2656115231875]
[1305.781247359122]
[1791.0152568415906]
[3088.518242992558]
[1911.0221172063088]
[977.3157696596857]
[3830.770228504059]
[8902.028309721449]
[1381.563518642326]
[3957.949627455443]
[1504.5251353552799]
[9260.20228276023]
[1348.832392157319]
[1427.0474275736021]
[9452.048651562156]
[1364.542940011405]
[5189.277117795661]
[1732.833884623743]
[1507.065269509313]
[7473.039529019394]
[1847.0480563390613]
[2470.0732170507745]
[1159.132198525124]
[2423.4078928635145]
[1817.3349328612649]
[9590.705293937845]
[1846.012852044577]
[8383.267888451128]
[8398.002387701503]
[2261.646898046817]
[2163.25240105519]
[4098.542520539522]
[2958.166576763022]
[2618.182041755569]
[3482.4984703426235]
[1840.4391793361958]
[1064.2208191799098]
[2051.161946532022]
[5337.553872377945]
[1911.802328712957]
[2488.723625482107]
[9098.79805004605]
[1413.4825633300882]
[2476.2554193494525]
[22951.310641037322]
[2552.422231741488]
[1646.641585135782]
[3357.735068536149]
[1434.9217952311667]
[1373.1265455375928]
[6798.073187259319]
[15029.166076241909]
[2806.074078195728]
[2619.442366799278]
[1961.9218751222784]
[2749.564289424781]
[10487.229253516864]
[1852.0920197400342]
[1545.1721909758244]
[2897.7414357211937]
[3623.670778090852]
[8119.672628759503]
[17291.348929249187]
[8285.433971505396]
[4281.683229150455]
[6508.86575598107]
[1436.4640866655848]
[1573.7924747042975]
[1357.4552865423211]
[1023.109681279694]
[4713.839936406836]
[63179.3232327218]
[1721.4832293700867]
[10781.638369214103]
[5270.015685969376]
[1847.2997504785021]
[6099.590481372348]
[5336.027217089688]
[7150.067744096571]
[1580.8483216336458]
[4332.880058296453]
[2770.5840897835947]
[1275.3710467836277]
[1604.5680660495113]
[1864.1477402913565]
[1853.777051494508]
[5535.890250690831]
[1274.7828836905708]
[2952.3331796627035]
[1709.667368492048]
[8329.769978579201]
[3714.969181789247]
[7421.733437250618]
[2038.2614781116997]
[4531.399189612428]
[3623.3357777485153]
[2913.5591869143395]
[5012.901510148607]
[7392.09906312184]
[7387.2476791834715]
[1750.2347807328833]
[1102.3033915574126]
[2709.6085931292346]
[3677.186915612877]
[7790.617134228255]
[2144.6246549577627]
[2552.7294123411402]
[4100.513613839092]
[1980.496740889204]
[12103.279314798448]
[1545.6611828295197]
[2164.233812876302]
[4837.0796395124235]
[4219.037248348872]
[1968.2589868686862]
[1937.4849045765473]
[1938.4914812123457]
[1473.7932811782514]
[3642.023175658034]
[7407.017803044953]
[2113.778193957663]
[4994.783152286564]
[3977.815447155811]
[3559.2303226794184]
[4974.064618336748]
[2297.1936101661145]
[4653.386817384829]
[1870.9306047935293]
[10767.793680812423]
[20724.397719839457]
[31849.25664067478]
[2255.6291340567295]
[1553.7711199669259]
[9767.338395422488]
[39919.295856029035]
[1097.1802585904861]
[1255.3047476202896]
[574.6359942028427]
[4113.731440508067]
[1674.5645299025223]
[3207.013689132361]
[2790.1126300055344]
[2124.2143054188246]
[15615.253494836159]
[9047.957110294783]
[1201.4737207743958]
[2244.589794456768]
[1734.4395710569624]
[2542.399117662002]
[29615.381805852943]
[2307.3055340011206]
[1276.3373137051437]
[11978.874213970179]
[1864.8904304769671]
[3157.065958583287]
[5487.332953043198]
[3198.384060117002]
[1371.1753470404415]
[1639.1382879367889]
[1441.6991650855566]
[7339.19034698251]
[6281.184288680308]
[2158.4763442068293]
[1650.2748873797755]
[18835.72004659681]
[1137.5293840394866]
[1544.9019960758092]
[1665.8217355366294]
[2537.155862783729]
[3936.371341305185]
[2913.2991998669418]
[3652.3626413823536]
[46267.573664858865]
[3562.832280695181]
[2918.1873173773374]
[3410.860059431129]
[10508.077585408431]
[767.053954026476]
[4994.108727897691]
[4495.139236919435]
[1790.831959661457]
[3207.013689132361]
[1483.0010618757544]
[1893.2769080851542]
[1833.392779240647]
[2726.1412514685007]
[1821.665782200309]
[11405.195298257453]
[17962.755272456598]
[9687.973458785626]
[1429.0920991057546]
[5799.629702655452]
[3757.4328973653664]
[10746.485671540437]
[38491.000847269555]
[1423.2354343905058]
[3435.5439224485726]
[3141.322717483583]
[4065.411491744684]
[7083.903954711182]
[2060.03369362895]
[2043.372708897024]
[11833.958493502809]
[6262.799345452273]
[2867.7612155718743]
[7826.01595488652]
[2022.6807309391654]
[9007.98040569871]
