[1264.2777269925414]
[5110.086487108613]
[2854.1633795595353]
[2033.317811371178]
[939.8001890547556]
[3670.3490144615516]
[2420.247550512198]
[21659.879076654463]
[3143.2866019131097]
[4909.510889153122]
[26916.531631115125]
[151686.29891787897]
[1980.4706458511089]
[6787.478030624099]
[6146.054323760405]
[7385.269375209912]
[3877.337120227323]
[4163.250862287502]
[10628.64572067133]
[1292.8241030829224]
[5922.428669160464]
[3683.8517117026468]
[1006.4114528197897]
[6852.786715291973]
[2287.9294465195876]
[17244.394489109935]
[13421.088267444036]
[5920.428268104359]
[5373.891126537988]
[17287.367219250584]
[1558.4503838440733]
[8647.18211028983]
[3837.8743570304223]
[20788.53170469167]
[1040.4962069928295]
[1531.0671172338546]
[2633.97873019571]
[868.7025570784361]
[6806.313935338532]
[38313.55399386561]
[384.55689293183787]
[4678.425626183547]
[5562.3467211937805]
[1614.9347090646688]
[2285.030460270526]
[4848.598664736059]
[2801.842005286978]
[10470.315257158589]
[7676.737976781181]
[2405.689039209537]
[1532.793731625839]
[15991.519962932258]
[1596.9783339351463]
[6050.074152041536]
[2542.52595998971]
[1712.2261034946068]
[8704.91454246097]
[7667.082764351487]
[6013.742707773265]
[680.389148267585]
[1239.2697548367692]
[8007.528353524577]
[8080.315767285595]
[5115.48436901822]
[30124.32562151098]
[8052.39471800209]
[28373.251220071103]
[6318.9301350817805]
[10097.717580466095]
[1214.9356181544852]
[7357.915140257575]
[1313.0802501697085]
[4024.9498774309573]
[1987.7763981270466]
[1598.0605491612287]
[45885.18289757042]
[1704.017776977361]
[1399.7570505124195]
[2791.7682833089966]
[7218.0277087544355]
[1947.6661490668237]
[20247.80497785004]
[16547.351141086325]
[3761.3652198192085]
[2368.515262308393]
[835.0387975596313]
[4937.89609182373]
[6373.698126530269]
[36444.16439866225]
[4245.478504883966]
[4009.0050020915073]
[11802.59073201596]
[3718.224357046599]
[2984.088038344562]
[1260.3701274362877]
[3815.0108286445425]
[349.27535226358054]
[7964.657401948416]
[8502.945403595264]
[18423.097254867043]
[16645.103238803153]
[9791.154859760518]
[9285.053439529116]
[1442.5393320212077]
[12938.536048289829]
[1813.707809022144]
[5034.677379764016]
[5060.835364476274]
[98400.44758823683]
[12075.864958623653]
[2640.389382562734]
[2597.987504346245]
[4639.725719151864]
[787.079968189117]
[22869.275996055643]
[971.3074171035242]
[3734.4311025939987]
[3832.5637101778425]
[2146.565906402757]
[7210.432908281178]
[3473.737994523799]
[25199.100188043194]
[1219.2445523938015]
[6619.140436661952]
[2205.671598419736]
[1322.4795301929516]
[6432.243054163927]
[42500.264347484335]
[13348.193318657513]
[11610.483275701265]
[5037.608463763532]
[659.8716432071369]
[2787.389717211866]
[782.041096363169]
[718.0731676432549]
[4990.949840151152]
[14957.032448029478]
[6119.422179872192]
[2050.8675595048503]
[16836.265973073485]
[1822.8370573085476]
[820.7066394688302]
[2991.8085448886313]
[8240.720643897273]
[15215.091838419132]
[5121.099846145551]
[8002.958180036833]
[17645.722353013156]
[20447.5044145643]
[7393.217175094414]
[7395.718917724736]
[6578.192027775697]
[8234.573314152989]
[858.5210047229355]
[4310.584004110716]
[4382.8162552271215]
[4296.905896542509]
[2893.280388622008]
[1904.9224087179864]
[1799.66706349908]
[5357.030256185602]
[1275.2802133242144]
[23193.013350032183]
[11502.061682386717]
[5198.801874953137]
[23599.965457014085]
[3713.339752401524]
[3649.2652980716657]
[4224.956264292174]
[12948.538179111845]
[3077.1747306602983]
[73570.8430460399]
[2972.988008249642]
[821.2368778300921]
[3546.415877791106]
[9121.863381064097]
[472.47036531906184]
[7742.934246664994]
[2776.2592940631794]
[5960.681390157036]
[4742.914317836355]
[12350.226453598]
[2503.5525835117624]
[820.1933150746594]
[8473.190739633106]
[20418.92821090821]
[1350.300547203076]
[3747.0192829229773]
[1022.602828178988]
[1867.2949048794683]
[1928.8141183287473]
[1016.1434398023383]
[30903.361257873064]
[1872.7752348895667]
[6587.975482791889]
[6353.114254259844]
[1795.41915224643]
[336.41174974659435]
[3650.3279206819125]
[2395.182440483977]
[2889.1617314979612]
[3216.667376587028]
[672.1860599426046]
[3591.409641102762]
[1750.8174260698704]
[1716.380248252197]
[4313.294777467952]
[4681.522739973944]
[15112.019218160363]
[9359.828420412749]
[1912.2611532789772]
[3364.5165201872487]
[496.87135419689855]
[5910.736550271178]
[7733.101693730552]
[15167.141974314516]
[15423.443009439721]
[4374.815274835565]
[2097.360882714451]
[9659.627141404602]
[854.2272589156]
[3493.2730641704056]
[1055.5403132415738]
[6217.045910435416]
[2866.522222284722]
[13191.474600989248]
[2360.46438080577]
[1424.9272706516576]
[2745.6930305547867]
[5661.19510224167]
[1415.9575819045663]
[3597.4988576025307]
[1271.7890646185642]
[776.7894038641466]
[3464.78123465558]
[2155.5909422412974]
[8780.330472971427]
[15476.32593356523]
[5038.992680501183]
[6564.080070034027]
[7685.511040619401]
[30682.172092173]
[649.9552484500002]
[10305.937254091643]
[4501.7660253085005]
[9878.642001568049]
[3937.803703505929]
[1644.2404307778913]
[6437.024249187586]
[2405.476394746158]
[4258.567724473641]
[32099.336081578505]
[12969.395329490551]
[7980.33013817356]
[10255.91430008063]
[2501.238848044799]
[8790.349144493259]
[3128.4462222207403]
[5785.138592280853]
[644.0451561584275]
[6402.314882722024]
[15685.670060636923]
[11512.85494598465]
[15538.547985114063]
[4231.014133337731]
[3906.0352786091685]
[2612.879143621628]
[11455.265848573687]
[12081.579224414567]
[511.1439196246378]
[1589.304961896658]
[2475.9384651042956]
[2492.482705821563]
[2632.7261136228635]
[6932.310947701349]
[1690.2319916842664]
[2686.2626207252965]
[1509.3688288228195]
[4306.150532487102]
[52091.38703248561]
[8613.550112760244]
[8911.882786863249]
[1847.5625615674314]
[11544.253068946029]
[3559.840144669204]
[6283.3204808836845]
[8253.448822076929]
[6995.689080362268]
[14859.745218562892]
[10053.314032416672]
[1200.132671962051]
[9009.953765873819]
[48455.32640508769]
[3188.5036367232055]
[2522.655330454087]
[1502.3932565936484]
[1294.5357780690729]
[1180.4209393325427]
[3391.9298421857466]
[3416.806403209254]
[9886.956517964107]
[1611.4193165723796]
[1769.8709521480516]
[3001.7393923505115]
[13440.97989549237]
[12958.949609684183]
[1848.4411569756926]
[20195.915846387506]
[3515.946544997743]
[1311.8392590870699]
[1121.2136562067653]
[2197.9875856555695]
[6872.905809110451]
[427.5927232415488]
[2914.263964793477]
[9101.16456765217]
[5207.91714590964]
[11695.160759808154]
[5546.512782670908]
[30230.877146868817]
[2195.392831100007]
[5618.793704910457]
[2999.3603044435313]
[43946.99449435072]
[21585.911713497284]
[3133.9634917759186]
[1271.123973587657]
[3014.2180038682754]
[20919.401141862836]
[2232.416596999087]
[12268.634830410192]
[2416.983212350836]
[6291.606090230524]
[1526.0204981720885]
[10082.75652196047]
[14343.531185652364]
[41.812733594948554]
[4417.733949573429]
[1649.8766722973166]
[3019.212767551365]
[4833.412221296967]
[720.1989014555235]
[15309.46377705124]
[1884.6582596277117]
[2175.3693025628786]
[5428.295018079475]
[1610.0272303915917]
[2220.7477491388777]
[7606.641235001731]
[5428.241340326738]
[2148.34989980306]
[7503.053338305096]
[3170.129172973422]
[3166.201971642011]
[11855.110081855728]
[30610.889516282576]
[1069.0275434647567]
[44357.26352588582]
[33837.40231516821]
[2450.9189104916813]
[1740.0699007798319]
[3848.9384440707945]
[11253.963225766553]
[13240.171624205168]
[1700.2966674496408]
[1124.0856619871547]
[7430.668456720876]
[878.3242475342547]
[8688.411123811155]
[14203.830375962438]
[449.00690869848586]
[6258.836813949389]
[5607.304339492761]
[24356.737417331497]
[75.57033276189179]
[7092.510002067199]
[13181.423637778411]
[1466.7305936708717]
[3182.7666315831493]
[24822.36697012167]
[2179.3492188130645]
[444.8228567349488]
[819.0380094049433]
[16802.145028919073]
[2951.415320894552]
[28250.10886299206]
[2901.9061100342365]
[17008.646650110994]
[109514.61256658577]
[6715.542373779534]
[2754.0387996579757]
[2564.900213442248]
[18935.837614052325]
[10773.883172327758]
[15875.271198714052]
[675.4239831601857]
[905.5046442292071]
[15754.04364949538]
[37847.50809555282]
[7697.641895342837]
[1358.4760750481428]
[3608.6509378430983]
[108495.55506287797]
[2820.3617793273506]
[5348.50627482568]
[15285.735414981405]
[7267.712180985132]
[1172.5625500956912]
[9014.65645165458]
[8341.341031272997]
[3350.6314181276357]
[3900.6396032385624]
[1802.9709901571289]
[8060.012291690712]
[354.29270342250817]
[1085.2490762164964]
[2045.8905221039897]
[2628.2458375144624]
[13148.716325242465]
[9232.188261095396]
[876.8494583552546]
[6038.954215870427]
[8049.263850377486]
[19902.02133533467]
[19503.07186164642]
[7717.9091911974065]
[6719.227682935199]
[5696.519395596555]
[18913.07688276773]
[9001.480044383103]
[4058.444883907508]
[3617.2723631815657]
[2795.15506392792]
[12008.327309629341]
[5825.932295457656]
[600.4465980219157]
[20010.427032465836]
[2145.7885772218533]
[3144.064407171366]
[781.2994295069756]
[2113.5435686037417]
[7576.2529502755515]
[2901.463880151531]
[692.7138734085917]
[986.8614063096917]
[1421.0180504360849]
[763.3333559328389]
[18823.06710366792]
[3996.314282007793]
[1183.2579854042506]
[5760.333298902543]
[151697.40666173032]
[45985.28249201286]
[12357.802022877991]
[3733.6947802742807]
[15643.666172308303]
[5996.098709825573]
[10777.00167375768]
[475.99872755075523]
[6263.733924970917]
[4438.792056715778]
[3557.1016994598203]
[6951.32585666752]
[3282.282071820349]
[53668.55101533048]
[7583.561866979828]
[9995.394732164554]
[19354.668178833337]
[4466.270164864512]
[18186.922117966005]
[1188.2801799799636]
[1583.5154886231514]
[2903.9456844283222]
[9053.327019222703]
[5056.1417433427205]
[8618.159408202833]
[2426.2543436020073]
[5122.3593416279155]
[3009.46633673495]
[3599.265287627087]
[1584.268954887925]
[1880.6660829537884]
[941.4714197011542]
[5699.879416261561]
[1324.3159552447703]
[7088.66742333551]
[4172.114870015785]
[8536.965403034506]
[9475.055065427525]
[2667.4128382741847]
[423.0425122834846]
[37055.00903040068]
[5244.048697956801]
[585.1787587568242]
[76670.60260765656]
[6440.285693708189]
[5032.986103601324]
[1298.8921019459542]
[5377.4500409171005]
[604.9077033503281]
[3903.0036533092252]
[551.3878863689255]
[2058.923904048478]
[6306.007218500288]
[1182.4317982745279]
[18322.476168071567]
[630.2804105248681]
[1525.312889518092]
[622.208416007554]
[4163.016108358566]
[2223.6792246616524]
[5275.602087894135]
[21323.629965027383]
[1842.2019581137806]
[929.9379858431555]
[7109.197873971507]
[3967.2520337611277]
[1584.268954887925]
[111265.06058861806]
[8866.205957634797]
[727.734785484766]
[22000.333681965654]
[1763.5791852606908]
[1912.0104126002134]
[3866.356817847534]
[13657.294582833234]
[1430.395073291005]
[5276.203465646737]
[2504.4047814696387]
[5250.776361234257]
[6130.215093960689]
[811.173934432796]
[3398.166003394198]
[24878.58367881202]
[17050.857241004036]
[13121.278104510759]
[1302.1242838407545]
[22388.192319739457]
[1449.9718907955407]
[2150.223369262576]
[7609.204117047135]
[11436.319952770633]
[17879.20279969001]
[2424.5387871866615]
[4595.854115874689]
[2450.740388035813]
[2411.7093480923027]
[2530.1833076520716]
[4432.591419425926]
[13334.16481792483]
[1815.8038464476706]
[2141.87729716222]
[7302.520488445149]
[2936.7376923190222]
[7955.9138313117755]
[1801.6752459974784]
[7405.803719562774]
[11079.445093784943]
[1491.9186865187414]
[129438.0697285597]
[9103.207925608964]
[5953.757590473857]
[12042.847426937642]
[15747.891592520024]
[1357.3199418014265]
[2379.5698779109566]
[3816.325037554111]
[4678.095845807853]
[12736.869522773093]
[2194.2421034315266]
[5894.742516505185]
[656.7238319474178]
[3145.207780304475]
[7139.729729237988]
[5078.769883079303]
[12334.284455508192]
[64022.05891194657]
[1510.5143577344722]
[9633.031653283486]
[38154.85164228421]
[3996.7456782333225]
[5328.335695733818]
[3097.5270191978307]
[6265.233204259326]
[7751.203733842736]
[2243.901436938]
[12956.3673279884]
[2058.103501603188]
[555.1254110588045]
[2252.7831363179544]
[682.5947816703666]
[5994.773170041072]
[1109.9888851561454]
[1857.191544655306]
[705.2372703124254]
[4207.175357132806]
[2914.4463863261726]
[1353.1064913914854]
[3234.916348044191]
[4693.131584870291]
[8609.389590170644]
[703.056505661698]
[5536.045038837672]
[4922.958632604314]
[3693.7431731416]
[2109.8096540106544]
[6170.049570718255]
[5083.6945220396565]
[1117.831984378697]
[5338.042726438971]
[844.9639645219924]
[3056.014441283649]
[1066.0105117650346]
[1110.1810437293216]
[2269.4374529076917]
[1266.6909032265794]
[3634.939719537834]
[1966.4951543304173]
[10998.628842353291]
[7266.006335526716]
[8040.1192846644535]
[24701.528122567503]
[133434.4282908927]
[293.40759864883455]
[5475.149050224684]
[793.9311736368238]
[40810.94168440305]
[15097.64206142699]
[1385.6591326214682]
[7218.06103438994]
[1303.2184320044603]
[3478.441475052095]
[43177.155880243634]
[4677.798969884647]
[30108.664492895485]
[1556.850340953129]
[2808.2681053612814]
[3622.4200931891787]
[544.6941482781345]
[20262.618721361436]
[4776.155259187599]
[4776.155259187599]
[4776.155259187599]
[4776.155259187599]
[2722.773484329011]
[9652.865148677984]
[5763.260080411205]
[35452.130266900436]
[1092.1294644294817]
[3559.6582344173303]
[2916.990915148673]
[634.4460490124231]
[3350.385369984004]
[945.3700696692113]
[1445.751649883257]
[7044.927257269914]
[2173.2287686112263]
[4262.419489636704]
[1038.8683892470906]
[1720.7551958342665]
[4694.0999145250025]
[2826.7000422607543]
[8034.476107882566]
[937.2782921383672]
[8136.5497968376785]
[20742.751778136368]
[30115.842076559595]
[2204.443569409266]
[1248.5529530069382]
[1817.6663446059606]
[5279.6209232321735]
[3903.9237902730733]
[1174.7744608085245]
[2312.674942525414]
[47731.94590688747]
[81144.8527386885]
[17714.198322706947]
[7184.19849016766]
[2842.7594858858793]
[841.3869444242553]
[2032.3928578276227]
[3363.9633155649003]
[2926.7705616357557]
[5282.100940387468]
[18470.13893076909]
[10998.953219552746]
[697.8116992707636]
[8204.103011967363]
[1881.9780251167467]
[5073.565734488213]
[16681.048791051442]
[12064.555264784802]
[4750.646710405685]
[3668.9686873429246]
[8760.629611259274]
[17260.459765219908]
[2707.291206899507]
[12142.526674563345]
[5339.622945635429]
[4582.247065759846]
[914.5051214527685]
[3747.2551634882348]
[4820.546974379546]
[13646.500366090202]
[4790.492805088546]
[8178.530221734609]
[9433.290269257272]
[20077.726798886975]
[1926.8444696304825]
[3023.294342504215]
[3843.2686461688977]
[417.41050477522845]
[10637.359507763576]
[1695.882862062968]
[3376.1259721027777]
[2806.833477817574]
[5406.570573851988]
[6161.792020623987]
[14042.26899539898]
[4855.121940647982]
[1011.5194427250511]
[9714.111699246007]
[523.3538974733785]
[11774.204473194806]
[9205.295594571091]
[2819.5778459451694]
[1348.6598710495014]
[18342.887470215]
[8899.433560237223]
[826.8585743024771]
[1417.4291844042802]
[4910.559498860999]
[3991.2931167281145]
[4910.493457900641]
[9445.434729095354]
[30969.129110906946]
[718.2381135465442]
[5098.964370611703]
[1467.3978312474756]
[23708.783075451676]
[4042.274057323878]
[12522.596177314143]
[7916.734287013933]
[5431.099679090401]
[1117.7263090206127]
[4695.860045373244]
[6382.055592488463]
[2160.8302229895976]
[3546.279604128432]
[4599.706883861223]
[3465.825862451495]
[2300.754614595542]
[608.6240493455114]
[953.4360456322801]
[6722.827775257634]
[3395.1047132881754]
[9675.456703587066]
[39663.835238091815]
[766.8562965587389]
[440.6444742717378]
[12484.899915216385]
[1555.1083380845441]
[1406.6302675023162]
[3284.9350913338444]
[522.2668134770212]
[815.070599332461]
[5743.640269191242]
[11815.160648759706]
[73.15295099493208]
[4595.368729485865]
[1188.538838390208]
[7996.354249037143]
[1156.9946704665049]
[1048.686121549301]
[9054.000058540036]
[651.5602045373294]
[6440.559556412205]
[1714.5979482800137]
[1194.183791433131]
[11006.051294612458]
[745.6024141018534]
[3171.4587383562352]
[1201.9447838920482]
[2169.0198679040227]
[1709.1402796452771]
[16546.58916769251]
[2269.3757881532065]
[8604.224945710286]
[11319.934586000372]
[2996.057273517213]
[3015.336329618817]
[6191.405711840783]
[3682.5137488822243]
[2078.1717047519323]
[4040.992271407213]
[1457.0390357027063]
[869.1930535872]
[2021.4926266614827]
[1492.6836019297984]
[1153.9122213040514]
[2175.5255294473436]
[10454.150894522154]
[760.9207396023966]
[3341.1652888968074]
[23753.120182604645]
[2071.911616760021]
[1710.7415900569115]
[3315.0042382627666]
[1673.657641731646]
[884.3592587288722]
[7903.8528865136395]
[21122.406624596762]
[342.1658225787852]
[2804.1055938404743]
[2507.494444264681]
[3265.8859488349904]
[2789.824256751336]
[1459.3347124988952]
[1562.0603751536066]
[4514.580015128899]
[4669.494249297954]
[9826.604242165755]
[23137.326815965727]
[8933.054944787958]
[5623.44589173149]
[7078.581431243101]
[1065.6577858620717]
[1635.4509073696308]
[1056.1970160394012]
[2432.218799552266]
[5036.973201002298]
[93718.34661155686]
[2296.0544552570627]
[12372.885823316177]
[6557.711710027224]
[2518.115602697243]
[8832.14151827012]
[7722.809008289655]
[10561.849277885984]
[422.0500296601178]
[2368.593884372929]
[2691.842706912747]
[801.7391847712985]
[981.0867645945857]
[2017.9029269669088]
[1551.2643022703576]
[8007.710602991922]
[613.8150043894824]
[3980.8041629062227]
[628.2042570304399]
[11689.201926163343]
[4664.462816894609]
[7672.051143583544]
[2697.800229327835]
[6987.315777325156]
[3987.9239895374963]
[3881.0956364812623]
[6743.128571362876]
[9029.877344309565]
[13390.58592105544]
[2070.117736221552]
[596.3989115431918]
[2635.581487523109]
[3738.500086182457]
[10038.212922637551]
[3289.790232950293]
[2432.211253934049]
[4953.77168989083]
[1461.8383399573806]
[15275.223713420437]
[2372.868177879031]
[2937.8459972990568]
[3224.529383212781]
[7175.669167529078]
[1717.7929370157904]
[1669.976911193695]
[2428.5519797111206]
[929.2578594129259]
[4913.488866193925]
[10114.306228042602]
[2377.107561583117]
[8107.175969501819]
[4034.3982980282244]
[4313.111588501055]
[6312.23919168323]
[2292.997114454804]
[8718.70234057698]
[1421.3748963024045]
[14909.065533932278]
[18328.891954313724]
[34038.10385750275]
[2541.355791807057]
[1271.934450785413]
[11272.252696928921]
[45768.21753151306]
[691.1040321247766]
[949.3192172064413]
[1947.2444200382809]
[8341.3883374487]
[1045.7671627983311]
[3404.8081039632116]
[3217.3522465121305]
[3002.478533761151]
[24482.128274642535]
[19608.839103723018]
[801.7314687904409]
[3799.7821251420864]
[1434.3722680008468]
[2493.5357965748253]
[47824.729099427066]
[2701.067763392678]
[192.0467823055883]
[14223.122425585072]
[1124.224535115909]
[4179.481052504789]
[9538.182863718735]
[3012.671470142355]
[852.4601727730794]
[2004.7716277640711]
[1371.4788501398282]
[5926.388205897093]
[8036.510377947532]
[3284.3267815719455]
[1521.6041632287522]
[18228.013600402388]
[218.37451094301667]
[990.2208157333458]
[1328.4053355919432]
[1970.2768349790483]
[5463.236468295259]
[4451.726034578653]
[4178.696463016143]
[42630.552856158516]
[3501.875398037002]
[3529.8530598764028]
[4616.138894413249]
[9252.29479258391]
[116.3612610241988]
[6561.513482120895]
[6511.7730345500795]
[1359.194206809176]
[3404.8081039632116]
[800.6180320230935]
[2133.8269892394474]
[2291.9675009267094]
[4331.994802139964]
[2518.7836019805604]
[14882.150882803684]
[24394.487498391296]
[11169.527165807485]
[962.901911568687]
[8254.964990432773]
[6557.113911316554]
[19472.823481552514]
[30353.97891840887]
[1277.5631831099859]
[3897.74860838615]
[5024.259687869897]
[3875.611770633479]
[7690.273665639474]
[1842.808594570156]
[1734.9669118412057]
[16094.588710555247]
[10042.726178498637]
[4255.420379141969]
[8456.221284745392]
[2620.08641512269]
[11102.349406519008]
